# "/Users/kellymistry/Desktop/Graduate Work/Chapter_2/results/rdm/catch_eighty/rdm/one/re.dat" produced by dat_write() from R2admb Tue Apr 12 12:36:10 2022
# 
 1991 

# 
 2019 

# 
 15 

# 
 1991 1993 1995 1997 1999 2001 2003 2005 2007 2009 2011 2013 2015 2017 2019 

# 
 65670.29 66287.88 60763.89 67049.81 48076.92 58139.53 52083.33 66872.43 39828.43 64102.56 62260.54 65261.04 63920.45 68597.56 66056.91 

# 
 1.481987 1.472239 1.566568 1.460015 1.83995 1.616702 1.74356 1.463498 2.072176 1.509709 1.540596 1.489645 1.511697 1.436031 1.47663 

